21
867.64343,531.2056,-1.8075905,f
510.60236,247.84714,-0.93175614,f
434.23758,664.8301,0.0,f
481.4088,1020.3774,3.2201257,f
1078.4087,292.97003,0.0,f
1758.3158,395.45264,-2.694737,f
1180.8555,732.85547,-2.9595375,f
1782.4092,1015.51587,-2.9510086,f
1656.8584,1336.0343,-5.8598,f
1384.2395,965.7485,-6.1317368,f
1568.0488,628.4702,-9.380153,f
1395.4366,1558.5775,-5.826458,f
938.4208,1711.585,-8.853026,f
1205.4114,1334.3485,-5.9970717,f
988.20667,1017.7751,-3.112462,f
769.1584,1257.2188,-6.177979,f
938.03827,1459.841,-9.048601,f
384.196,1310.971,-9.408882,f
745.41174,915.5765,-3.0117648,f
1173.3334,1100.5057,-2.9425287,f
1451.8551,1180.8802,0.0,f
